[0, 0, 0, 0, 0, 0, 0, 0, 0, 0, 0, 0, 0, 0, 0, 0, 0, 0, 0, 0, 0, 0, 0, 0, 0, 0, 0, 0, 0, 0, 0, 0, 0, 0, 0, 0, 0, 0, 0, 0, 8, 0, 0, 0, 0, 0, 0, 0, 0, 9, 13, 15, 0, 0, 0, 0, 0, 0, 0, 0, 10, 14, 17, 0, 0, 0, 0, 0, 0, 0, 0, 0, 0, 0, 0, 0, 0, 0, 0, 0, 0, 0, 0, 0, 0, 0, 0, 0, 0, 0, 0, 0, 0, 0, 0, 0, 0, 0, 0, 0, 0, 0, 0, 0, 0, 0, 0, 0, 0, 0, 0, 0, 0, 0, 0, 0, 0, 0, 0, 0, 0],temperature : 25.17, humidity : 42.28, Pression : 101851.0
[0, 0, 0, 0, 0, 0, 0, 0, 0, 0, 0, 0, 0, 0, 0, 0, 0, 0, 0, 0, 0, 0, 0, 0, 0, 0, 0, 0, 0, 0, 0, 0, 0, 0, 0, 0, 0, 0, 0, 0, 0, 0, 0, 0, 0, 0, 0, 0, 8, 10, 11, 15, 0, 0, 0, 0, 0, 0, 0, 10, 11, 13, 16, 8, 0, 0, 0, 0, 0, 0, 0, 10, 11, 9, 0, 0, 0, 0, 0, 0, 0, 0, 0, 0, 0, 0, 0, 0, 0, 0, 0, 0, 0, 0, 0, 0, 0, 0, 0, 0, 0, 0, 0, 0, 0, 0, 0, 0, 0, 0, 0, 0, 0, 0, 0, 0, 0, 0, 0, 0, 0],temperature : 25.17, humidity : 42.28, Pression : 101851.0
[0, 0, 0, 0, 0, 0, 0, 0, 0, 0, 0, 0, 0, 0, 0, 0, 0, 0, 0, 0, 0, 0, 0, 0, 0, 0, 0, 0, 0, 0, 0, 0, 0, 0, 0, 0, 0, 0, 8, 8, 10, 0, 0, 0, 0, 0, 0, 0, 0, 12, 12, 16, 0, 0, 0, 0, 0, 0, 0, 8, 16, 15, 17, 0, 0, 0, 0, 0, 0, 0, 0, 10, 8, 0, 0, 0, 0, 0, 0, 0, 0, 0, 0, 0, 0, 0, 0, 0, 0, 0, 0, 0, 0, 0, 0, 0, 0, 0, 0, 0, 0, 0, 0, 0, 0, 0, 0, 0, 0, 0, 0, 0, 0, 0, 0, 0, 0, 0, 0, 0, 0],temperature : 25.17, humidity : 42.28, Pression : 101851.0
[0, 0, 0, 0, 0, 0, 0, 0, 0, 0, 0, 0, 0, 0, 0, 0, 0, 0, 0, 0, 0, 0, 0, 0, 0, 0, 0, 0, 0, 0, 0, 0, 0, 0, 0, 0, 0, 0, 0, 0, 11, 0, 0, 0, 0, 0, 0, 0, 8, 10, 12, 17, 0, 0, 0, 0, 0, 0, 0, 11, 14, 14, 18, 0, 0, 0, 0, 0, 0, 0, 0, 8, 8, 0, 0, 0, 0, 0, 0, 0, 0, 0, 0, 0, 0, 0, 0, 0, 0, 0, 0, 0, 0, 0, 0, 0, 0, 0, 0, 0, 0, 0, 0, 0, 0, 0, 0, 0, 0, 0, 0, 0, 0, 0, 0, 0, 0, 0, 0, 0, 0],temperature : 25.17, humidity : 42.28, Pression : 101851.0
[0, 0, 0, 0, 0, 0, 0, 0, 0, 0, 0, 0, 0, 0, 0, 0, 0, 0, 0, 0, 0, 0, 0, 0, 0, 0, 0, 0, 0, 0, 0, 0, 0, 0, 0, 0, 0, 0, 0, 0, 10, 0, 0, 0, 0, 0, 0, 0, 10, 10, 11, 17, 0, 0, 0, 0, 0, 0, 8, 11, 13, 14, 16, 0, 0, 0, 0, 0, 0, 0, 0, 11, 11, 0, 0, 0, 0, 0, 0, 0, 0, 0, 0, 0, 0, 0, 0, 0, 0, 0, 0, 0, 0, 0, 0, 0, 0, 0, 0, 0, 0, 0, 0, 0, 0, 0, 0, 0, 0, 0, 0, 0, 0, 0, 0, 0, 0, 0, 0, 0, 0],temperature : 25.17, humidity : 42.28, Pression : 101851.0
[0, 0, 0, 0, 0, 0, 0, 0, 0, 0, 0, 0, 0, 0, 0, 0, 0, 0, 0, 0, 0, 0, 0, 0, 0, 0, 0, 0, 0, 0, 0, 0, 0, 0, 0, 0, 0, 0, 0, 0, 9, 0, 0, 0, 0, 0, 0, 0, 8, 9, 11, 15, 0, 0, 0, 0, 0, 0, 8, 8, 11, 13, 14, 0, 0, 0, 0, 0, 0, 0, 0, 9, 9, 0, 0, 0, 0, 0, 0, 0, 0, 0, 0, 0, 0, 0, 0, 0, 0, 0, 0, 0, 0, 0, 0, 0, 0, 0, 0, 0, 0, 0, 0, 0, 0, 0, 0, 0, 0, 0, 0, 0, 0, 0, 0, 0, 0, 0, 0, 0, 0],temperature : 25.17, humidity : 42.28, Pression : 101851.0
[0, 0, 0, 0, 0, 0, 0, 0, 0, 0, 0, 0, 0, 0, 0, 0, 0, 0, 0, 0, 0, 0, 0, 0, 0, 0, 0, 0, 0, 0, 0, 0, 0, 0, 0, 0, 0, 0, 0, 0, 10, 0, 0, 0, 0, 0, 0, 0, 9, 10, 12, 14, 0, 0, 0, 0, 0, 0, 0, 9, 11, 12, 15, 0, 0, 0, 0, 0, 0, 0, 0, 8, 9, 0, 0, 0, 0, 0, 0, 0, 0, 0, 0, 0, 0, 0, 0, 0, 0, 0, 0, 0, 0, 0, 0, 0, 0, 0, 0, 0, 0, 0, 0, 0, 0, 0, 0, 0, 0, 0, 0, 0, 0, 0, 0, 0, 0, 0, 0, 0, 0],temperature : 25.17, humidity : 42.28, Pression : 101851.0
[0, 0, 0, 0, 0, 0, 0, 0, 0, 0, 0, 0, 0, 0, 0, 0, 0, 0, 0, 0, 0, 0, 0, 0, 0, 0, 0, 0, 0, 0, 0, 0, 0, 0, 0, 0, 0, 0, 0, 0, 9, 0, 0, 0, 0, 0, 0, 0, 10, 10, 10, 13, 0, 0, 0, 0, 0, 0, 9, 13, 12, 13, 14, 0, 0, 0, 0, 0, 0, 0, 0, 9, 9, 0, 0, 0, 0, 0, 0, 0, 0, 0, 0, 0, 0, 0, 0, 0, 0, 0, 0, 0, 0, 0, 0, 0, 0, 0, 0, 0, 0, 0, 0, 0, 0, 0, 0, 0, 0, 0, 0, 0, 0, 0, 0, 0, 0, 0, 0, 0, 0],temperature : 25.17, humidity : 42.28, Pression : 101851.0
[0, 0, 0, 0, 0, 0, 0, 0, 0, 0, 0, 0, 0, 0, 0, 0, 0, 0, 0, 0, 0, 0, 0, 0, 0, 0, 0, 0, 0, 0, 0, 0, 0, 0, 0, 0, 0, 0, 8, 0, 0, 0, 0, 0, 0, 0, 0, 0, 9, 12, 10, 12, 0, 0, 0, 0, 0, 0, 8, 11, 14, 11, 13, 0, 0, 0, 0, 0, 0, 0, 0, 10, 0, 0, 0, 0, 0, 0, 0, 0, 0, 0, 0, 0, 0, 0, 0, 0, 0, 0, 0, 0, 0, 0, 0, 0, 0, 0, 0, 0, 0, 0, 0, 0, 0, 0, 0, 0, 0, 0, 0, 0, 0, 0, 0, 0, 0, 0, 0, 0, 0],temperature : 25.17, humidity : 42.28, Pression : 101851.0
[0, 0, 0, 0, 0, 0, 0, 0, 0, 0, 0, 0, 0, 0, 0, 0, 0, 0, 0, 0, 0, 0, 0, 0, 0, 0, 0, 0, 0, 0, 0, 0, 0, 0, 0, 0, 0, 0, 0, 0, 0, 0, 0, 0, 0, 0, 0, 0, 9, 9, 10, 12, 0, 0, 0, 0, 0, 0, 9, 9, 12, 10, 12, 0, 0, 0, 0, 0, 0, 0, 0, 11, 9, 0, 0, 0, 0, 0, 0, 0, 0, 0, 0, 0, 0, 0, 0, 0, 0, 0, 0, 0, 0, 0, 0, 0, 0, 0, 0, 0, 0, 0, 0, 0, 0, 0, 0, 0, 0, 0, 0, 0, 0, 0, 0, 0, 0, 0, 0, 0, 0],temperature : 25.17, humidity : 42.28, Pression : 101851.0
[0, 0, 0, 0, 0, 0, 0, 0, 0, 0, 0, 0, 0, 0, 0, 0, 0, 0, 0, 0, 0, 0, 0, 0, 0, 0, 0, 0, 0, 0, 0, 0, 0, 0, 0, 0, 0, 0, 0, 0, 0, 0, 0, 0, 0, 0, 0, 0, 10, 8, 9, 13, 0, 0, 0, 0, 0, 0, 10, 11, 10, 11, 13, 0, 0, 0, 0, 0, 0, 0, 0, 0, 9, 0, 0, 0, 0, 0, 0, 0, 0, 0, 0, 0, 0, 0, 0, 0, 0, 0, 0, 0, 0, 0, 0, 0, 0, 0, 0, 0, 0, 0, 0, 0, 0, 0, 0, 0, 0, 0, 0, 0, 0, 0, 0, 0, 0, 0, 0, 0, 0],temperature : 25.17, humidity : 42.28, Pression : 101851.0
[0, 0, 0, 0, 0, 0, 0, 0, 0, 0, 0, 0, 0, 0, 0, 0, 0, 0, 0, 0, 0, 0, 0, 0, 0, 0, 0, 0, 0, 0, 0, 0, 0, 0, 0, 0, 0, 0, 0, 8, 10, 0, 0, 0, 0, 0, 0, 8, 9, 9, 9, 12, 0, 0, 0, 0, 0, 0, 10, 9, 10, 12, 11, 0, 0, 0, 0, 0, 0, 0, 0, 8, 8, 0, 0, 0, 0, 0, 0, 0, 0, 0, 0, 0, 0, 0, 0, 0, 0, 0, 0, 0, 0, 0, 0, 0, 0, 0, 0, 0, 0, 0, 0, 0, 0, 0, 0, 0, 0, 0, 0, 0, 0, 0, 0, 0, 0, 0, 0, 0, 0],temperature : 25.17, humidity : 42.28, Pression : 101851.0
[0, 0, 0, 0, 0, 0, 0, 0, 0, 0, 0, 0, 0, 0, 0, 0, 0, 0, 0, 0, 0, 0, 0, 0, 0, 0, 0, 0, 0, 0, 0, 0, 0, 0, 0, 0, 0, 0, 0, 0, 8, 0, 0, 0, 0, 0, 0, 0, 8, 9, 10, 12, 0, 0, 0, 0, 0, 0, 0, 0, 12, 11, 13, 0, 0, 0, 0, 0, 0, 0, 0, 0, 0, 0, 0, 0, 0, 0, 0, 0, 0, 0, 0, 0, 0, 0, 0, 0, 0, 0, 0, 0, 0, 0, 0, 0, 0, 0, 0, 0, 0, 0, 0, 0, 0, 0, 0, 0, 0, 0, 0, 0, 0, 0, 0, 0, 0, 0, 0, 0, 0],temperature : 25.17, humidity : 42.28, Pression : 101851.0
;
[0, 0, 0, 0, 0, 0, 0, 0, 0, 0, 0, 0, 0, 0, 0, 0, 0, 0, 0, 0, 0, 0, 0, 0, 0, 16, 11, 14, 11, 0, 0, 0, 0, 0, 0, 0, 0, 0, 0, 0, 0, 0, 0, 0, 0, 0, 0, 10, 0, 0, 0, 0, 0, 0, 0, 0, 0, 12, 16, 10, 8, 0, 0, 0, 0, 0, 0, 0, 11, 17, 0, 0, 0, 0, 0, 0, 0, 0, 0, 0, 8, 0, 0, 0, 0, 0, 0, 0, 0, 0, 0, 0, 0, 0, 0, 0, 0, 0, 0, 0, 0, 0, 0, 0, 0, 0, 0, 0, 0, 0, 0, 0, 0, 0, 0, 0, 0, 0, 0, 0, 0],temperature : 25.17, humidity : 42.28, Pression : 101851.0
[0, 0, 0, 0, 0, 8, 0, 0, 0, 0, 0, 0, 0, 0, 17, 12, 16, 14, 9, 0, 0, 0, 0, 0, 0, 18, 13, 14, 13, 9, 0, 0, 0, 0, 0, 0, 8, 0, 0, 0, 0, 0, 0, 0, 0, 0, 0, 9, 8, 0, 0, 0, 0, 0, 0, 0, 8, 13, 17, 11, 8, 0, 0, 0, 0, 0, 0, 0, 12, 17, 11, 0, 0, 0, 0, 0, 0, 0, 0, 9, 12, 0, 0, 0, 0, 0, 0, 0, 0, 0, 0, 0, 0, 0, 0, 0, 0, 0, 0, 0, 0, 0, 0, 0, 0, 0, 0, 0, 0, 0, 0, 0, 0, 0, 0, 0, 0, 0, 0, 0, 0],temperature : 25.17, humidity : 42.28, Pression : 101851.0
[0, 0, 0, 0, 8, 12, 11, 0, 0, 0, 0, 0, 0, 0, 18, 12, 16, 16, 10, 0, 0, 0, 0, 0, 0, 17, 11, 14, 14, 8, 0, 0, 0, 0, 0, 0, 0, 0, 0, 0, 0, 0, 0, 0, 0, 0, 0, 8, 0, 0, 0, 0, 0, 0, 0, 0, 8, 13, 16, 0, 0, 0, 0, 0, 0, 0, 0, 8, 14, 17, 10, 0, 0, 0, 0, 0, 0, 0, 0, 12, 15, 0, 0, 0, 0, 0, 0, 0, 0, 0, 0, 0, 0, 0, 0, 0, 0, 0, 0, 0, 0, 0, 0, 0, 0, 0, 0, 0, 0, 0, 0, 0, 0, 0, 0, 0, 0, 0, 0, 0, 0],temperature : 25.17, humidity : 42.28, Pression : 101851.0
[0, 0, 0, 10, 9, 11, 13, 0, 0, 0, 0, 0, 0, 0, 17, 11, 15, 16, 9, 0, 0, 0, 0, 0, 0, 18, 12, 13, 13, 8, 0, 0, 0, 0, 0, 0, 10, 0, 0, 0, 0, 0, 0, 0, 0, 0, 0, 9, 0, 0, 0, 0, 0, 0, 0, 0, 0, 12, 16, 9, 0, 0, 0, 0, 0, 0, 0, 0, 12, 17, 9, 0, 0, 0, 0, 0, 0, 0, 0, 13, 15, 11, 0, 0, 0, 0, 0, 0, 9, 0, 0, 0, 0, 0, 0, 0, 0, 0, 0, 0, 0, 0, 0, 0, 0, 0, 0, 0, 0, 0, 0, 0, 0, 0, 0, 0, 0, 0, 0, 0, 0],temperature : 25.17, humidity : 42.28, Pression : 101851.0
[0, 0, 0, 8, 9, 12, 10, 0, 0, 0, 0, 0, 0, 0, 16, 10, 14, 15, 10, 0, 0, 0, 0, 0, 0, 16, 9, 13, 14, 0, 0, 0, 0, 8, 0, 0, 10, 0, 0, 0, 0, 0, 0, 0, 0, 0, 0, 8, 0, 0, 0, 0, 0, 0, 0, 0, 0, 12, 14, 8, 0, 0, 0, 0, 0, 0, 0, 0, 14, 16, 8, 0, 0, 0, 0, 0, 0, 0, 0, 15, 18, 9, 0, 0, 0, 0, 0, 0, 0, 0, 0, 0, 0, 0, 0, 0, 0, 0, 0, 0, 0, 0, 0, 0, 0, 0, 0, 0, 0, 0, 0, 0, 0, 0, 0, 0, 0, 0, 0, 0, 0],temperature : 25.17, humidity : 42.28, Pression : 101851.0
[0, 0, 0, 8, 0, 10, 10, 0, 0, 0, 0, 0, 0, 0, 15, 8, 12, 14, 10, 0, 0, 0, 0, 0, 0, 16, 12, 15, 12, 9, 0, 0, 0, 0, 0, 0, 8, 0, 0, 0, 0, 0, 0, 0, 0, 0, 0, 0, 0, 0, 0, 0, 0, 0, 0, 0, 0, 11, 16, 8, 0, 0, 0, 0, 0, 0, 0, 8, 11, 15, 9, 0, 0, 0, 0, 0, 0, 0, 0, 12, 17, 10, 0, 0, 0, 0, 0, 0, 0, 0, 0, 0, 0, 0, 0, 0, 0, 0, 0, 0, 0, 0, 0, 0, 0, 0, 0, 0, 0, 0, 0, 0, 0, 0, 0, 0, 0, 0, 0, 0, 0],temperature : 25.17, humidity : 42.28, Pression : 101851.0
[0, 0, 0, 0, 0, 10, 10, 0, 0, 0, 0, 0, 0, 0, 16, 10, 13, 14, 10, 0, 0, 0, 0, 0, 0, 17, 9, 12, 13, 9, 0, 0, 0, 0, 0, 0, 10, 0, 0, 0, 0, 0, 0, 0, 0, 0, 0, 8, 0, 0, 0, 0, 0, 0, 0, 0, 0, 11, 15, 8, 0, 0, 0, 0, 0, 0, 0, 0, 11, 16, 9, 0, 0, 0, 0, 0, 0, 0, 0, 14, 19, 10, 0, 0, 0, 0, 0, 0, 0, 0, 0, 0, 0, 0, 0, 0, 0, 0, 0, 0, 0, 0, 0, 0, 0, 0, 0, 0, 0, 0, 0, 0, 0, 0, 0, 0, 0, 0, 0, 0, 0],temperature : 25.17, humidity : 42.28, Pression : 101851.0
[0, 0, 0, 0, 0, 10, 9, 0, 0, 0, 0, 0, 0, 0, 15, 0, 12, 14, 10, 0, 0, 0, 0, 0, 0, 18, 10, 11, 11, 10, 0, 0, 0, 0, 0, 0, 0, 0, 0, 0, 0, 0, 0, 0, 0, 0, 0, 9, 0, 0, 0, 0, 0, 0, 0, 0, 0, 10, 15, 0, 0, 0, 0, 0, 0, 0, 0, 0, 10, 15, 8, 0, 0, 0, 0, 0, 0, 0, 0, 13, 18, 10, 0, 0, 0, 0, 0, 0, 0, 0, 0, 0, 0, 0, 0, 0, 0, 0, 0, 11, 0, 0, 0, 0, 0, 0, 0, 0, 0, 0, 0, 0, 0, 0, 0, 0, 0, 0, 0, 0, 0],temperature : 25.17, humidity : 42.28, Pression : 101851.0
[0, 0, 0, 0, 0, 8, 9, 0, 0, 0, 0, 0, 0, 0, 14, 8, 14, 12, 9, 0, 0, 0, 0, 0, 0, 15, 0, 10, 12, 8, 0, 0, 0, 0, 0, 0, 9, 0, 0, 0, 0, 0, 0, 0, 0, 0, 0, 0, 0, 0, 0, 0, 0, 0, 0, 0, 0, 10, 12, 0, 0, 0, 0, 0, 0, 0, 0, 0, 10, 13, 8, 0, 0, 0, 0, 0, 0, 0, 0, 13, 17, 11, 0, 0, 0, 0, 0, 0, 0, 0, 0, 0, 0, 0, 0, 0, 0, 0, 0, 0, 0, 0, 0, 0, 0, 0, 0, 0, 0, 0, 0, 0, 0, 0, 0, 0, 0, 0, 0, 0, 0],temperature : 25.17, humidity : 42.28, Pression : 101851.0
[0, 0, 0, 0, 0, 9, 8, 0, 0, 0, 0, 0, 0, 0, 13, 0, 11, 13, 8, 0, 0, 0, 0, 0, 0, 14, 9, 11, 12, 0, 0, 0, 0, 0, 0, 0, 0, 0, 0, 0, 0, 0, 0, 0, 0, 0, 0, 0, 0, 0, 0, 0, 0, 0, 0, 0, 0, 10, 13, 0, 0, 0, 0, 0, 0, 0, 0, 0, 12, 13, 9, 0, 0, 0, 0, 0, 0, 0, 0, 14, 17, 10, 0, 0, 0, 0, 0, 0, 11, 0, 0, 0, 0, 0, 0, 0, 0, 0, 0, 10, 0, 0, 0, 0, 0, 0, 0, 0, 0, 0, 0, 0, 0, 0, 0, 0, 0, 0, 0, 0, 0],temperature : 25.17, humidity : 42.28, Pression : 101851.0
[0, 0, 0, 0, 0, 10, 8, 0, 0, 0, 0, 0, 0, 0, 12, 9, 11, 13, 0, 0, 0, 0, 0, 0, 0, 15, 8, 11, 12, 0, 0, 0, 0, 0, 0, 0, 0, 0, 0, 0, 0, 0, 0, 0, 0, 0, 0, 0, 0, 0, 0, 0, 0, 0, 0, 0, 0, 10, 12, 0, 0, 0, 0, 0, 0, 0, 0, 0, 10, 14, 8, 0, 0, 0, 0, 0, 0, 0, 0, 12, 17, 9, 0, 0, 0, 0, 0, 0, 0, 0, 0, 0, 0, 0, 0, 0, 0, 0, 0, 0, 0, 0, 0, 0, 0, 0, 0, 0, 0, 0, 0, 0, 0, 0, 0, 0, 0, 0, 0, 0, 0],temperature : 25.17, humidity : 42.28, Pression : 101851.0
[0, 0, 0, 0, 0, 9, 0, 0, 0, 0, 0, 0, 0, 0, 12, 8, 12, 12, 8, 0, 0, 0, 0, 0, 0, 13, 9, 11, 10, 8, 0, 0, 0, 0, 0, 0, 0, 0, 0, 0, 0, 0, 0, 0, 0, 0, 0, 0, 0, 0, 0, 0, 0, 0, 0, 0, 0, 9, 11, 0, 0, 0, 0, 0, 0, 0, 0, 0, 9, 12, 8, 0, 0, 0, 0, 0, 0, 0, 0, 12, 15, 10, 0, 0, 0, 0, 0, 0, 0, 0, 0, 0, 0, 0, 0, 0, 0, 0, 0, 10, 0, 0, 0, 0, 0, 0, 0, 0, 0, 0, 8, 0, 0, 0, 0, 0, 0, 0, 0, 0, 0],temperature : 25.17, humidity : 42.28, Pression : 101851.0
[0, 0, 0, 0, 0, 0, 0, 0, 0, 0, 0, 0, 0, 0, 10, 8, 11, 11, 0, 0, 0, 0, 0, 0, 0, 13, 9, 10, 10, 9, 0, 0, 0, 0, 0, 0, 8, 0, 0, 0, 0, 0, 0, 0, 0, 0, 0, 0, 0, 0, 0, 0, 0, 0, 0, 0, 0, 0, 13, 9, 8, 0, 0, 0, 0, 0, 0, 0, 10, 14, 0, 0, 0, 0, 0, 0, 0, 0, 0, 11, 17, 10, 0, 0, 0, 0, 0, 0, 0, 0, 0, 0, 0, 0, 0, 0, 0, 0, 0, 0, 0, 0, 0, 0, 0, 0, 0, 0, 0, 0, 0, 0, 0, 0, 0, 0, 0, 0, 0, 0, 0],temperature : 25.17, humidity : 42.28, Pression : 101851.0
[0, 0, 0, 0, 0, 0, 0, 0, 0, 0, 0, 0, 0, 0, 0, 9, 13, 11, 9, 0, 0, 0, 0, 0, 0, 8, 10, 11, 11, 11, 0, 0, 0, 0, 0, 0, 0, 0, 0, 0, 0, 0, 0, 0, 0, 0, 0, 0, 0, 0, 0, 0, 0, 0, 0, 0, 0, 0, 12, 0, 8, 0, 0, 0, 0, 0, 0, 0, 8, 12, 8, 8, 0, 0, 0, 0, 0, 0, 0, 10, 13, 9, 0, 0, 0, 0, 0, 0, 0, 0, 0, 0, 0, 0, 0, 0, 0, 0, 0, 0, 0, 0, 0, 0, 0, 0, 0, 0, 0, 0, 0, 0, 0, 0, 0, 0, 0, 0, 0, 0, 0],temperature : 25.17, humidity : 42.28, Pression : 101851.0
[0, 0, 0, 0, 0, 0, 0, 0, 0, 0, 0, 8, 0, 0, 0, 8, 12, 11, 9, 0, 0, 0, 0, 0, 0, 0, 0, 0, 0, 0, 0, 0, 0, 0, 0, 0, 0, 0, 0, 0, 0, 0, 0, 0, 0, 0, 0, 0, 0, 0, 0, 0, 0, 0, 0, 0, 0, 0, 0, 0, 0, 0, 0, 0, 0, 0, 0, 0, 0, 0, 0, 0, 0, 0, 0, 0, 0, 0, 0, 0, 0, 0, 0, 0, 0, 0, 0, 0, 0, 0, 0, 0, 0, 0, 0, 0, 0, 0, 0, 0, 0, 0, 0, 0, 0, 0, 0, 0, 0, 0, 0, 0, 0, 0, 0, 0, 0, 0, 0, 0, 0],temperature : 25.17, humidity : 42.28, Pression : 101851.0
;
